70.33333333333333
54.333333333333336
38.333333333333336
66.33333333333333
70.0
68.66666666666667
48.666666666666664
51.333333333333336
58.0
86.0
59.333333333333336
72.66666666666667
40.333333333333336
71.0
53.333333333333336
57.0
58.0
74.66666666666667
75.0
51.666666666666664
75.33333333333333
37.666666666666664
76.33333333333333
77.33333333333333
84.66666666666667
56.333333333333336
76.0
61.666666666666664
69.33333333333333
44.666666666666664
71.0
46.0
88.66666666666667
61.666666666666664
79.0
51.333333333333336
54.666666666666664
79.0
48.333333333333336
63.0
53.333333333333336
84.66666666666667
66.0
48.0
77.33333333333333
57.333333333333336
41.0
60.333333333333336
55.0
73.33333333333333
68.66666666666667
50.333333333333336
68.66666666666667
57.0
64.33333333333333
78.66666666666667
59.666666666666664
55.666666666666664
61.0
72.0
79.0
69.33333333333333
77.66666666666667
64.0
56.0
54.666666666666664
73.0
32.666666666666664
46.333333333333336
46.0
52.0
82.0
69.66666666666667
65.66666666666667
70.66666666666667
35.666666666666664
52.333333333333336
58.333333333333336
61.333333333333336
67.66666666666667
69.66666666666667
55.333333333333336
48.0
51.0
47.0
61.0
54.333333333333336
87.66666666666667
31.333333333333332
39.333333333333336
59.333333333333336
67.33333333333333
65.66666666666667
72.0
87.0
81.66666666666667
36.0
59.0
68.0
61.333333333333336
47.333333333333336
78.33333333333333
62.666666666666664
63.23300970873787 61.96116504854369 60.737864077669904 